{
 "cells": [
  {
   "cell_type": "code",
   "execution_count": 1,
   "metadata": {},
   "outputs": [],
   "source": [
    "import sys \n",
    "sys.path.append('../scripts/')\n",
    "from kf import *   #誤差楕円を描くのに利用"
   ]
  },
  {
   "cell_type": "code",
   "execution_count": 2,
   "metadata": {},
   "outputs": [],
   "source": [
    "def make_ax(): #axisの準備\n",
    "    fig = plt.figure(figsize=(4,4))\n",
    "    ax = fig.add_subplot(111)\n",
    "    ax.set_aspect('equal')\n",
    "    ax.set_xlim(-5,5)                  \n",
    "    ax.set_ylim(-5,5) \n",
    "    ax.set_xlabel(\"X\",fontsize=10) \n",
    "    ax.set_ylabel(\"Y\",fontsize=10)  \n",
    "    return ax\n",
    "\n",
    "def draw_trajectory(xs, ax): #軌跡の描画\n",
    "    poses = [xs[s] for s in range(len(xs))]\n",
    "    ax.scatter([e[0] for e in poses], [e[1] for e in poses], s=5, marker=\".\", color=\"black\")\n",
    "    ax.plot([e[0] for e in poses], [e[1] for e in poses], linewidth=0.5, color=\"black\")\n",
    "    \n",
    "def draw_observations(xs, zlist, ax): #センサ値の描画\n",
    "    for s in range(len(xs)):\n",
    "        if s not in zlist:\n",
    "            continue\n",
    "            \n",
    "        for obs in zlist[s]:\n",
    "            x, y, theta = xs[s]\n",
    "            ell, phi = obs[1][0], obs[1][1]\n",
    "            mx = x + ell*math.cos(theta + phi)\n",
    "            my = y + ell*math.sin(theta + phi)\n",
    "            ax.plot([x,mx], [y,my], color=\"pink\", alpha=0.5)\n",
    "            \n",
    "def draw_edges(edges, ax): ###graphbasedslam2draw\n",
    "    for e in edges:\n",
    "        ax.plot([e.x1[0], e.x2[0]], [e.x1[1] ,e.x2[1]], color=\"red\", alpha=0.5)\n",
    "\n",
    "def draw(xs, zlist, edges): #引数追加\n",
    "    ax = make_ax()\n",
    "    draw_observations(xs, zlist, ax)\n",
    "    draw_trajectory(xs, ax)\n",
    "    draw_edges(edges, ax) #追加\n",
    "    plt.show()"
   ]
  },
  {
   "cell_type": "code",
   "execution_count": 3,
   "metadata": {},
   "outputs": [],
   "source": [
    "def read_data():#データの読み込み\n",
    "    hat_xs = {}     #軌跡のデータ（ステップ数をキーにして姿勢を保存）\n",
    "    zlist = {} #センサ値のデータ（ステップ数をキーにして、さらにその中にランドマークのIDとセンサ値をタプルで保存）\n",
    "\n",
    "    with open(\"log.txt\") as f:\n",
    "        for line in f.readlines():\n",
    "            tmp = line.rstrip().split()\n",
    "\n",
    "            step = int(tmp[1])\n",
    "            if tmp[0] == \"x\": #姿勢のレコードの場合\n",
    "                hat_xs[step] = np.array([float(tmp[2]), float(tmp[3]), float(tmp[4])]).T\n",
    "            elif tmp[0] == \"z\": #センサ値のレコードの場合\n",
    "                if step not in zlist:  #まだ辞書が空の時は空の辞書を作る\n",
    "                    zlist[step] = []\n",
    "                zlist[step].append((int(tmp[2]), np.array([float(tmp[3]), float(tmp[4]), float(tmp[5])]).T))\n",
    "                \n",
    "        return hat_xs, zlist"
   ]
  },
  {
   "cell_type": "code",
   "execution_count": 4,
   "metadata": {},
   "outputs": [],
   "source": [
    "class ObsEdge:  ###graphbasedslam4matrix\n",
    "    def __init__(self, t1, t2, z1, z2, xs, sensor_noise_rate=[0.14, 0.05, 0.05]): #sensor_noise_rate追加\n",
    "        assert z1[0] == z2[0] \n",
    "\n",
    "        self.t1, self.t2 = t1, t2  \n",
    "        self.x1, self.x2 = xs[t1], xs[t2]\n",
    "        self.z1, self.z2 = z1[1], z2[1]\n",
    "        \n",
    "        s1 = math.sin(self.x1[2] + self.z1[1]) \n",
    "        c1 = math.cos(self.x1[2] + self.z1[1])\n",
    "        s2 = math.sin(self.x2[2] + self.z2[1])\n",
    "        c2 = math.cos(self.x2[2] + self.z2[1])\n",
    "        \n",
    "        ##誤差の計算##\n",
    "        hat_e = self.x2 - self.x1 + np.array([\n",
    "            self.z2[0]*c2 - self.z1[0]*c1, \n",
    "            self.z2[0]*s2 - self.z1[0]*s1,\n",
    "            self.z2[1] - self.z2[2] - self.z1[1] + self.z1[2]\n",
    "        ])\n",
    "        while hat_e[2] >= math.pi: hat_e[2] -= math.pi*2\n",
    "        while hat_e[2] <  -math.pi: hat_e[2] += math.pi*2\n",
    "            \n",
    "        ##精度行列の作成## \n",
    "        Q1 = np.diag([(self.z1[0]*sensor_noise_rate[0])**2, sensor_noise_rate[1]**2, sensor_noise_rate[2]**2])\n",
    "        R1 = - np.array([[c1, -self.z1[0]*s1,  0],\n",
    "                                     [s1,   self.z1[0]*c1, 0],\n",
    "                                   [   0,                      1, -1]])\n",
    "        \n",
    "        Q2 = np.diag([(self.z2[0]*sensor_noise_rate[0])**2, sensor_noise_rate[1]**2, sensor_noise_rate[2]**2])\n",
    "        R2 = np.array([[c2, -self.z2[0]*s2, 0],\n",
    "                                  [s2, self.z2[0]*c2,   0],\n",
    "                                  [  0,                      1,  -1]])\n",
    "        \n",
    "        Sigma = R1.dot(Q1).dot(R1.T) + R2.dot(Q2).dot(R2.T)\n",
    "        Omega = np.linalg.inv(Sigma)\n",
    "        \n",
    "        print(Sigma)"
   ]
  },
  {
   "cell_type": "code",
   "execution_count": 5,
   "metadata": {},
   "outputs": [],
   "source": [
    "import itertools\n",
    "def make_edges(hat_xs, zlist):\n",
    "    landmark_keys_zlist = {} #ランドマークのIDをキーにして観測された時刻とセンサ値を記録\n",
    "\n",
    "    for step in zlist:           #キーを時刻からランドマークのIDへ\n",
    "        for z in zlist[step]:\n",
    "            landmark_id = z[0]\n",
    "            if landmark_id not in landmark_keys_zlist: \n",
    "                landmark_keys_zlist[landmark_id] = []\n",
    "\n",
    "            landmark_keys_zlist[landmark_id].append((step, z))\n",
    "    \n",
    "    edges = []\n",
    "    for landmark_id in landmark_keys_zlist:\n",
    "        step_pairs = list(itertools.combinations(landmark_keys_zlist[landmark_id], 2)) #時刻のペアを作成\n",
    "        edges += [ObsEdge(xz1[0], xz2[0], xz1[1], xz2[1], hat_xs) for xz1, xz2 in step_pairs]\n",
    "        \n",
    "    return edges"
   ]
  },
  {
   "cell_type": "code",
   "execution_count": 6,
   "metadata": {
    "scrolled": false
   },
   "outputs": [
    {
     "name": "stdout",
     "output_type": "stream",
     "text": [
      "[[ 0.12541578 -0.00496595  0.00054303]\n",
      " [-0.00496595  0.0174828   0.00882297]\n",
      " [ 0.00054303  0.00882297  0.01      ]]\n",
      "[[ 0.21193083 -0.14192213  0.00957162]\n",
      " [-0.14192213  0.31788804  0.01053672]\n",
      " [ 0.00957162  0.01053672  0.01      ]]\n",
      "[[ 0.19548551 -0.12110289  0.00863156]\n",
      " [-0.12110289  0.26220417  0.01024947]\n",
      " [ 0.00863156  0.01024947  0.01      ]]\n",
      "[[ 0.16496596 -0.07748165  0.00614591]\n",
      " [-0.07748165  0.14288966  0.00974061]\n",
      " [ 0.00614591  0.00974061  0.01      ]]\n",
      "[[ 0.16023894 -0.06377287  0.0050494 ]\n",
      " [-0.06377287  0.1034876   0.00975108]\n",
      " [ 0.0050494   0.00975108  0.01      ]]\n",
      "[[ 0.11660836 -0.02344136  0.00281867]\n",
      " [-0.02344136  0.04188691  0.00825788]\n",
      " [ 0.00281867  0.00825788  0.01      ]]\n",
      "[[ 0.09651109 -0.00930661  0.00191347]\n",
      " [-0.00930661  0.02534225  0.00712307]\n",
      " [ 0.00191347  0.00712307  0.01      ]]\n",
      "[[ 0.08630317 -0.00238696  0.00147377]\n",
      " [-0.00238696  0.01907312  0.00609948]\n",
      " [ 0.00147377  0.00609948  0.01      ]]\n",
      "[[ 0.22344506  0.14226925  0.00846139]\n",
      " [ 0.14226925  0.2566526  -0.00084402]\n",
      " [ 0.00846139 -0.00084402  0.01      ]]\n",
      "[[0.14416869 0.07153365 0.00673083]\n",
      " [0.07153365 0.16396783 0.00141714]\n",
      " [0.00673083 0.00141714 0.01      ]]\n",
      "[[0.12941508 0.05757632 0.00647949]\n",
      " [0.05757632 0.15163042 0.00204741]\n",
      " [0.00647949 0.00204741 0.01      ]]\n",
      "[[0.10662666 0.03092457 0.00472484]\n",
      " [0.03092457 0.08658787 0.00294148]\n",
      " [0.00472484 0.00294148 0.01      ]]\n",
      "[[0.08896496 0.01008    0.0028692 ]\n",
      " [0.01008    0.03929036 0.00412997]\n",
      " [0.0028692  0.00412997 0.01      ]]\n",
      "[[0.08719467 0.00773667 0.00199805]\n",
      " [0.00773667 0.02524617 0.00412654]\n",
      " [0.00199805 0.00412654 0.01      ]]\n",
      "[[ 3.16438529e-01  1.22371319e-03 -1.66869535e-04]\n",
      " [ 1.22371319e-03  4.04228908e-02 -3.51975221e-03]\n",
      " [-1.66869535e-04 -3.51975221e-03  1.00000000e-02]]\n",
      "[[ 0.40653983  0.03473101  0.00104295]\n",
      " [ 0.03473101  0.05620982 -0.00503846]\n",
      " [ 0.00104295 -0.00503846  0.01      ]]\n",
      "[[ 0.23407362  0.03669221  0.00169736]\n",
      " [ 0.03669221  0.04029807 -0.00180511]\n",
      " [ 0.00169736 -0.00180511  0.01      ]]\n",
      "[[ 1.69933970e-01  3.13456864e-02  1.91647109e-03]\n",
      " [ 3.13456864e-02  3.47453763e-02 -1.14600372e-04]\n",
      " [ 1.91647109e-03 -1.14600372e-04  1.00000000e-02]]\n",
      "[[0.13967791 0.03046262 0.00235514]\n",
      " [0.03046262 0.03703836 0.00093646]\n",
      " [0.00235514 0.00093646 0.01      ]]\n",
      "[[0.11048971 0.01830573 0.00192141]\n",
      " [0.01830573 0.02722583 0.00221307]\n",
      " [0.00192141 0.00221307 0.01      ]]\n",
      "[[ 0.17281467 -0.15073511  0.01038919]\n",
      " [-0.15073511  0.31426837  0.00911657]\n",
      " [ 0.01038919  0.00911657  0.01      ]]\n",
      "[[ 0.15636935 -0.12991587  0.00944914]\n",
      " [-0.12991587  0.25858449  0.00882932]\n",
      " [ 0.00944914  0.00882932  0.01      ]]\n",
      "[[ 0.1258498  -0.08629463  0.00696348]\n",
      " [-0.08629463  0.13926998  0.00832047]\n",
      " [ 0.00696348  0.00832047  0.01      ]]\n",
      "[[ 0.12112278 -0.07258586  0.00586698]\n",
      " [-0.07258586  0.09986793  0.00833094]\n",
      " [ 0.00586698  0.00833094  0.01      ]]\n",
      "[[ 0.0774922  -0.03225434  0.00363624]\n",
      " [-0.03225434  0.03826724  0.00683774]\n",
      " [ 0.00363624  0.00683774  0.01      ]]\n",
      "[[ 0.05739493 -0.01811959  0.00273105]\n",
      " [-0.01811959  0.02172257  0.00570292]\n",
      " [ 0.00273105  0.00570292  0.01      ]]\n",
      "[[ 0.04718701 -0.01119994  0.00229134]\n",
      " [-0.01119994  0.01545345  0.00467933]\n",
      " [ 0.00229134  0.00467933  0.01      ]]\n",
      "[[ 0.1843289   0.13345626  0.00927896]\n",
      " [ 0.13345626  0.25303293 -0.00226416]\n",
      " [ 0.00927896 -0.00226416  0.01      ]]\n",
      "[[ 1.05052534e-01  6.27206683e-02  7.54839934e-03]\n",
      " [ 6.27206683e-02  1.60348152e-01 -3.00264721e-06]\n",
      " [ 7.54839934e-03 -3.00264721e-06  1.00000000e-02]]\n",
      "[[0.09029892 0.04876334 0.00729707]\n",
      " [0.04876334 0.14801075 0.00062726]\n",
      " [0.00729707 0.00062726 0.01      ]]\n",
      "[[0.0675105  0.02211159 0.00554242]\n",
      " [0.02211159 0.0829682  0.00152133]\n",
      " [0.00554242 0.00152133 0.01      ]]\n",
      "[[0.0498488  0.00126701 0.00368677]\n",
      " [0.00126701 0.03567068 0.00270983]\n",
      " [0.00368677 0.00270983 0.01      ]]\n",
      "[[ 0.04807851 -0.00107631  0.00281562]\n",
      " [-0.00107631  0.0216265   0.00270639]\n",
      " [ 0.00281562  0.00270639  0.01      ]]\n",
      "[[ 0.27732237 -0.00758927  0.0006507 ]\n",
      " [-0.00758927  0.03680322 -0.0049399 ]\n",
      " [ 0.0006507  -0.0049399   0.01      ]]\n",
      "[[ 0.36742367  0.02591802  0.00186052]\n",
      " [ 0.02591802  0.05259014 -0.0064586 ]\n",
      " [ 0.00186052 -0.0064586   0.01      ]]\n",
      "[[ 0.19495747  0.02787923  0.00251493]\n",
      " [ 0.02787923  0.03667839 -0.00322525]\n",
      " [ 0.00251493 -0.00322525  0.01      ]]\n",
      "[[ 0.13081781  0.0225327   0.00273404]\n",
      " [ 0.0225327   0.0311257  -0.00153474]\n",
      " [ 0.00273404 -0.00153474  0.01      ]]\n",
      "[[ 0.10056175  0.02164963  0.00317271]\n",
      " [ 0.02164963  0.03341869 -0.00048368]\n",
      " [ 0.00317271 -0.00048368  0.01      ]]\n",
      "[[0.07137355 0.00949275 0.00273898]\n",
      " [0.00949275 0.02360616 0.00079292]\n",
      " [0.00273898 0.00079292 0.01      ]]\n",
      "[[ 0.2428844  -0.26687205  0.01847772]\n",
      " [-0.26687205  0.55898973  0.01054307]\n",
      " [ 0.01847772  0.01054307  0.01      ]]\n",
      "[[ 0.21236485 -0.22325081  0.01599207]\n",
      " [-0.22325081  0.43967522  0.01003421]\n",
      " [ 0.01599207  0.01003421  0.01      ]]\n",
      "[[ 0.20763783 -0.20954203  0.01489556]\n",
      " [-0.20954203  0.40027317  0.01004468]\n",
      " [ 0.01489556  0.01004468  0.01      ]]\n",
      "[[ 0.16400725 -0.16921051  0.01266483]\n",
      " [-0.16921051  0.33867247  0.00855148]\n",
      " [ 0.01266483  0.00855148  0.01      ]]\n",
      "[[ 0.14390999 -0.15507576  0.01175963]\n",
      " [-0.15507576  0.32212781  0.00741666]\n",
      " [ 0.01175963  0.00741666  0.01      ]]\n",
      "[[ 0.13370206 -0.14815611  0.01131993]\n",
      " [-0.14815611  0.31585868  0.00639307]\n",
      " [ 0.01131993  0.00639307  0.01      ]]\n",
      "[[ 2.70843953e-01 -3.49990947e-03  1.83075450e-02]\n",
      " [-3.49990947e-03  5.53438167e-01 -5.50419780e-04]\n",
      " [ 1.83075450e-02 -5.50419780e-04  1.00000000e-02]]\n",
      "[[ 0.19156759 -0.07423551  0.01657699]\n",
      " [-0.07423551  0.46075339  0.00171074]\n",
      " [ 0.01657699  0.00171074  0.01      ]]\n",
      "[[ 0.17681397 -0.08819284  0.01632565]\n",
      " [-0.08819284  0.44841599  0.00234101]\n",
      " [ 0.01632565  0.00234101  0.01      ]]\n",
      "[[ 0.15402555 -0.11484459  0.014571  ]\n",
      " [-0.11484459  0.38337344  0.00323508]\n",
      " [ 0.014571    0.00323508  0.01      ]]\n",
      "[[ 0.13636385 -0.13568916  0.01271536]\n",
      " [-0.13568916  0.33607592  0.00442357]\n",
      " [ 0.01271536  0.00442357  0.01      ]]\n",
      "[[ 0.13459356 -0.13803248  0.01184421]\n",
      " [-0.13803248  0.32203174  0.00442014]\n",
      " [ 0.01184421  0.00442014  0.01      ]]\n",
      "[[ 0.36383742 -0.14454544  0.00967929]\n",
      " [-0.14454544  0.33720845 -0.00322615]\n",
      " [ 0.00967929 -0.00322615  0.01      ]]\n",
      "[[ 0.45393872 -0.11103815  0.01088911]\n",
      " [-0.11103815  0.35299538 -0.00474486]\n",
      " [ 0.01088911 -0.00474486  0.01      ]]\n",
      "[[ 0.28147252 -0.10907694  0.01154352]\n",
      " [-0.10907694  0.33708363 -0.00151151]\n",
      " [ 0.01154352 -0.00151151  0.01      ]]\n",
      "[[ 2.17332862e-01 -1.14423469e-01  1.17626297e-02]\n",
      " [-1.14423469e-01  3.31530939e-01  1.78998377e-04]\n",
      " [ 1.17626297e-02  1.78998377e-04  1.00000000e-02]]\n",
      "[[ 0.1870768  -0.11530654  0.01220129]\n",
      " [-0.11530654  0.33382393  0.00123006]\n",
      " [ 0.01220129  0.00123006  0.01      ]]\n",
      "[[ 0.1578886  -0.12746342  0.01176757]\n",
      " [-0.12746342  0.3240114   0.00250666]\n",
      " [ 0.01176757  0.00250666  0.01      ]]\n",
      "[[ 0.19591953 -0.20243157  0.01505202]\n",
      " [-0.20243157  0.38399135  0.00974696]\n",
      " [ 0.01505202  0.00974696  0.01      ]]\n",
      "[[ 0.19119251 -0.18872279  0.01395551]\n",
      " [-0.18872279  0.34458929  0.00975744]\n",
      " [ 0.01395551  0.00975744  0.01      ]]\n",
      "[[ 0.14756193 -0.14839128  0.01172477]\n",
      " [-0.14839128  0.2829886   0.00826423]\n",
      " [ 0.01172477  0.00826423  0.01      ]]\n",
      "[[ 0.12746466 -0.13425652  0.01081958]\n",
      " [-0.13425652  0.26644394  0.00712942]\n",
      " [ 0.01081958  0.00712942  0.01      ]]\n",
      "[[ 0.11725674 -0.12733688  0.01037988]\n",
      " [-0.12733688  0.26017481  0.00610583]\n",
      " [ 0.01037988  0.00610583  0.01      ]]\n",
      "[[ 0.25439863  0.01731933  0.01736749]\n",
      " [ 0.01731933  0.4977543  -0.00083767]\n",
      " [ 0.01736749 -0.00083767  0.01      ]]\n",
      "[[ 0.17512226 -0.05341627  0.01563693]\n",
      " [-0.05341627  0.40506952  0.00142349]\n",
      " [ 0.01563693  0.00142349  0.01      ]]\n",
      "[[ 0.16036865 -0.0673736   0.0153856 ]\n",
      " [-0.0673736   0.39273211  0.00205376]\n",
      " [ 0.0153856   0.00205376  0.01      ]]\n",
      "[[ 0.13758023 -0.09402535  0.01363095]\n",
      " [-0.09402535  0.32768957  0.00294783]\n",
      " [ 0.01363095  0.00294783  0.01      ]]\n",
      "[[ 0.11991853 -0.11486992  0.0117753 ]\n",
      " [-0.11486992  0.28039205  0.00413632]\n",
      " [ 0.0117753   0.00413632  0.01      ]]\n",
      "[[ 0.11814824 -0.11721324  0.01090416]\n",
      " [-0.11721324  0.26634786  0.00413289]\n",
      " [ 0.01090416  0.00413289  0.01      ]]\n",
      "[[ 0.3473921  -0.12372621  0.00873924]\n",
      " [-0.12372621  0.28152458 -0.0035134 ]\n",
      " [ 0.00873924 -0.0035134   0.01      ]]\n",
      "[[ 0.4374934  -0.09021891  0.00994905]\n",
      " [-0.09021891  0.29731151 -0.00503211]\n",
      " [ 0.00994905 -0.00503211  0.01      ]]\n",
      "[[ 0.2650272  -0.0882577   0.01060346]\n",
      " [-0.0882577   0.28139976 -0.00179876]\n",
      " [ 0.01060346 -0.00179876  0.01      ]]\n",
      "[[ 2.00887540e-01 -9.36042324e-02  1.08225760e-02]\n",
      " [-9.36042324e-02  2.75847067e-01 -1.08249727e-04]\n",
      " [ 1.08225760e-02 -1.08249727e-04  1.00000000e-02]]\n",
      "[[ 0.17063148 -0.0944873   0.01126124]\n",
      " [-0.0944873   0.27814005  0.00094281]\n",
      " [ 0.01126124  0.00094281  0.01      ]]\n",
      "[[ 0.14144328 -0.10664419  0.01082751]\n",
      " [-0.10664419  0.26832752  0.00221942]\n",
      " [ 0.01082751  0.00221942  0.01      ]]\n",
      "[[ 0.16067296 -0.14510155  0.01146985]\n",
      " [-0.14510155  0.22527478  0.00924858]\n",
      " [ 0.01146985  0.00924858  0.01      ]]\n",
      "[[ 0.11704238 -0.10477004  0.00923912]\n",
      " [-0.10477004  0.16367409  0.00775538]\n",
      " [ 0.00923912  0.00775538  0.01      ]]\n",
      "[[ 0.09694511 -0.09063529  0.00833392]\n",
      " [-0.09063529  0.14712943  0.00662056]\n",
      " [ 0.00833392  0.00662056  0.01      ]]\n",
      "[[ 0.08673719 -0.08371564  0.00789422]\n",
      " [-0.08371564  0.1408603   0.00559697]\n",
      " [ 0.00789422  0.00559697  0.01      ]]\n",
      "[[ 0.22387908  0.06094057  0.01488184]\n",
      " [ 0.06094057  0.37843979 -0.00134652]\n",
      " [ 0.01488184 -0.00134652  0.01      ]]\n",
      "[[ 0.14460271 -0.00979503  0.01315128]\n",
      " [-0.00979503  0.28575501  0.00091464]\n",
      " [ 0.01315128  0.00091464  0.01      ]]\n",
      "[[ 0.1298491  -0.02375236  0.01289995]\n",
      " [-0.02375236  0.2734176   0.0015449 ]\n",
      " [ 0.01289995  0.0015449   0.01      ]]\n",
      "[[ 0.10706068 -0.05040411  0.0111453 ]\n",
      " [-0.05040411  0.20837506  0.00243897]\n",
      " [ 0.0111453   0.00243897  0.01      ]]\n",
      "[[ 0.08939898 -0.07124868  0.00928965]\n",
      " [-0.07124868  0.16107754  0.00362747]\n",
      " [ 0.00928965  0.00362747  0.01      ]]\n",
      "[[ 0.08762869 -0.07359201  0.0084185 ]\n",
      " [-0.07359201  0.14703335  0.00362403]\n",
      " [ 0.0084185   0.00362403  0.01      ]]\n",
      "[[ 0.31687255 -0.08010497  0.00625358]\n",
      " [-0.08010497  0.16221007 -0.00402226]\n",
      " [ 0.00625358 -0.00402226  0.01      ]]\n",
      "[[ 0.40697385 -0.04659767  0.0074634 ]\n",
      " [-0.04659767  0.177997   -0.00554096]\n",
      " [ 0.0074634  -0.00554096  0.01      ]]\n",
      "[[ 0.23450765 -0.04463647  0.00811781]\n",
      " [-0.04463647  0.16208525 -0.00230761]\n",
      " [ 0.00811781 -0.00230761  0.01      ]]\n",
      "[[ 0.17036799 -0.04998299  0.00833692]\n",
      " [-0.04998299  0.15653256 -0.0006171 ]\n",
      " [ 0.00833692 -0.0006171   0.01      ]]\n",
      "[[ 0.14011193 -0.05086606  0.00877559]\n",
      " [-0.05086606  0.15882554  0.00043396]\n",
      " [ 0.00877559  0.00043396  0.01      ]]\n",
      "[[ 0.11092373 -0.06302295  0.00834186]\n",
      " [-0.06302295  0.14901301  0.00171056]\n",
      " [ 0.00834186  0.00171056  0.01      ]]\n",
      "[[ 0.11231536 -0.09106126  0.00814261]\n",
      " [-0.09106126  0.12427204  0.00776585]\n",
      " [ 0.00814261  0.00776585  0.01      ]]\n",
      "[[ 0.0922181  -0.07692651  0.00723742]\n",
      " [-0.07692651  0.10772737  0.00663103]\n",
      " [ 0.00723742  0.00663103  0.01      ]]\n",
      "[[ 0.08201018 -0.07000686  0.00679772]\n",
      " [-0.07000686  0.10145825  0.00560744]\n",
      " [ 0.00679772  0.00560744  0.01      ]]\n",
      "[[ 0.21915207  0.07464935  0.01378533]\n",
      " [ 0.07464935  0.33903773 -0.00133605]\n",
      " [ 0.01378533 -0.00133605  0.01      ]]\n",
      "[[0.1398757  0.00391375 0.01205477]\n",
      " [0.00391375 0.24635295 0.00092511]\n",
      " [0.01205477 0.00092511 0.01      ]]\n",
      "[[ 0.12512208 -0.01004358  0.01180344]\n",
      " [-0.01004358  0.23401555  0.00155537]\n",
      " [ 0.01180344  0.00155537  0.01      ]]\n",
      "[[ 0.10233366 -0.03669533  0.01004879]\n",
      " [-0.03669533  0.168973    0.00244945]\n",
      " [ 0.01004879  0.00244945  0.01      ]]\n",
      "[[ 0.08467196 -0.0575399   0.00819314]\n",
      " [-0.0575399   0.12167548  0.00363794]\n",
      " [ 0.00819314  0.00363794  0.01      ]]\n",
      "[[ 0.08290167 -0.05988323  0.007322  ]\n",
      " [-0.05988323  0.1076313   0.0036345 ]\n",
      " [ 0.007322    0.0036345   0.01      ]]\n",
      "[[ 0.31214553 -0.06639619  0.00515707]\n",
      " [-0.06639619  0.12280802 -0.00401179]\n",
      " [ 0.00515707 -0.00401179  0.01      ]]\n",
      "[[ 0.40224684 -0.03288889  0.00636689]\n",
      " [-0.03288889  0.13859494 -0.00553049]\n",
      " [ 0.00636689 -0.00553049  0.01      ]]\n",
      "[[ 0.22978063 -0.03092769  0.0070213 ]\n",
      " [-0.03092769  0.12268319 -0.00229714]\n",
      " [ 0.0070213  -0.00229714  0.01      ]]\n",
      "[[ 0.16564097 -0.03627421  0.00724042]\n",
      " [-0.03627421  0.1171305  -0.00060663]\n",
      " [ 0.00724042 -0.00060663  0.01      ]]\n",
      "[[ 0.13538491 -0.03715729  0.00767908]\n",
      " [-0.03715729  0.11942349  0.00044443]\n",
      " [ 0.00767908  0.00044443  0.01      ]]\n",
      "[[ 0.10619671 -0.04931417  0.00724535]\n",
      " [-0.04931417  0.10961096  0.00172103]\n",
      " [ 0.00724535  0.00172103  0.01      ]]\n",
      "[[ 0.04858751 -0.03659499  0.00500668]\n",
      " [-0.03659499  0.04612668  0.00513783]\n",
      " [ 0.00500668  0.00513783  0.01      ]]\n",
      "[[ 0.03837959 -0.02967534  0.00456698]\n",
      " [-0.02967534  0.03985755  0.00411424]\n",
      " [ 0.00456698  0.00411424  0.01      ]]\n",
      "[[ 0.17552148  0.11498086  0.0115546 ]\n",
      " [ 0.11498086  0.27743704 -0.00282925]\n",
      " [ 0.0115546  -0.00282925  0.01      ]]\n",
      "[[ 0.09624511  0.04424526  0.00982404]\n",
      " [ 0.04424526  0.18475226 -0.00056809]\n",
      " [ 0.00982404 -0.00056809  0.01      ]]\n",
      "[[8.14914947e-02 3.02879323e-02 9.57270499e-03]\n",
      " [3.02879323e-02 1.72414855e-01 6.21725582e-05]\n",
      " [9.57270499e-03 6.21725582e-05 1.00000000e-02]]\n",
      "[[0.05870308 0.00363618 0.00781805]\n",
      " [0.00363618 0.10737231 0.00095624]\n",
      " [0.00781805 0.00095624 0.01      ]]\n",
      "[[ 0.04104137 -0.01720839  0.00596241]\n",
      " [-0.01720839  0.06007479  0.00214474]\n",
      " [ 0.00596241  0.00214474  0.01      ]]\n",
      "[[ 0.03927109 -0.01955171  0.00509126]\n",
      " [-0.01955171  0.04603061  0.0021413 ]\n",
      " [ 0.00509126  0.0021413   0.01      ]]\n",
      "[[ 0.26851495 -0.02606467  0.00292634]\n",
      " [-0.02606467  0.06120732 -0.00550499]\n",
      " [ 0.00292634 -0.00550499  0.01      ]]\n",
      "[[ 0.35861625  0.00744262  0.00413616]\n",
      " [ 0.00744262  0.07699425 -0.00702369]\n",
      " [ 0.00413616 -0.00702369  0.01      ]]\n",
      "[[ 0.18615004  0.00940383  0.00479057]\n",
      " [ 0.00940383  0.0610825  -0.00379034]\n",
      " [ 0.00479057 -0.00379034  0.01      ]]\n",
      "[[ 0.12201039  0.0040573   0.00500968]\n",
      " [ 0.0040573   0.05552981 -0.00209984]\n",
      " [ 0.00500968 -0.00209984  0.01      ]]\n",
      "[[ 0.09175433  0.00317423  0.00544835]\n",
      " [ 0.00317423  0.05782279 -0.00104877]\n",
      " [ 0.00544835 -0.00104877  0.01      ]]\n",
      "[[ 0.06256612 -0.00898265  0.00501462]\n",
      " [-0.00898265  0.04801027  0.00022783]\n",
      " [ 0.00501462  0.00022783  0.01      ]]\n",
      "[[ 0.01828233 -0.01554059  0.00366179]\n",
      " [-0.01554059  0.02331289  0.00297942]\n",
      " [ 0.00366179  0.00297942  0.01      ]]\n",
      "[[ 0.15542422  0.12911561  0.0106494 ]\n",
      " [ 0.12911561  0.26089237 -0.00396407]\n",
      " [ 0.0106494  -0.00396407  0.01      ]]\n",
      "[[ 0.07614785  0.05838002  0.00891884]\n",
      " [ 0.05838002  0.1682076  -0.00170291]\n",
      " [ 0.00891884 -0.00170291  0.01      ]]\n",
      "[[ 0.06139423  0.04442268  0.00866751]\n",
      " [ 0.04442268  0.15587019 -0.00107264]\n",
      " [ 0.00866751 -0.00107264  0.01      ]]\n",
      "[[ 0.03860581  0.01777094  0.00691286]\n",
      " [ 0.01777094  0.09082764 -0.00017857]\n",
      " [ 0.00691286 -0.00017857  0.01      ]]\n",
      "[[ 0.02094411 -0.00307364  0.00505721]\n",
      " [-0.00307364  0.04353013  0.00100992]\n",
      " [ 0.00505721  0.00100992  0.01      ]]\n",
      "[[ 0.01917382 -0.00541696  0.00418607]\n",
      " [-0.00541696  0.02948594  0.00100648]\n",
      " [ 0.00418607  0.00100648  0.01      ]]\n",
      "[[ 0.24841768 -0.01192992  0.00202114]\n",
      " [-0.01192992  0.04466266 -0.0066398 ]\n",
      " [ 0.00202114 -0.0066398   0.01      ]]\n",
      "[[ 0.33851899  0.02157737  0.00323096]\n",
      " [ 0.02157737  0.06044959 -0.00815851]\n",
      " [ 0.00323096 -0.00815851  0.01      ]]\n",
      "[[ 0.16605278  0.02353858  0.00388537]\n",
      " [ 0.02353858  0.04453784 -0.00492516]\n",
      " [ 0.00388537 -0.00492516  0.01      ]]\n",
      "[[ 0.10191313  0.01819205  0.00410448]\n",
      " [ 0.01819205  0.03898514 -0.00323465]\n",
      " [ 0.00410448 -0.00323465  0.01      ]]\n",
      "[[ 0.07165707  0.01730898  0.00454315]\n",
      " [ 0.01730898  0.04127813 -0.00218359]\n",
      " [ 0.00454315 -0.00218359  0.01      ]]\n",
      "[[ 0.04246886  0.0051521   0.00410942]\n",
      " [ 0.0051521   0.0314656  -0.00090699]\n",
      " [ 0.00410942 -0.00090699  0.01      ]]\n",
      "[[ 0.14521629  0.13603526  0.0102097 ]\n",
      " [ 0.13603526  0.25462325 -0.00498766]\n",
      " [ 0.0102097  -0.00498766  0.01      ]]\n",
      "[[ 0.06593993  0.06529967  0.00847914]\n",
      " [ 0.06529967  0.16193847 -0.0027265 ]\n",
      " [ 0.00847914 -0.0027265   0.01      ]]\n",
      "[[ 0.05118631  0.05134233  0.00822781]\n",
      " [ 0.05134233  0.14960107 -0.00209624]\n",
      " [ 0.00822781 -0.00209624  0.01      ]]\n",
      "[[ 0.02839789  0.02469059  0.00647316]\n",
      " [ 0.02469059  0.08455852 -0.00120216]\n",
      " [ 0.00647316 -0.00120216  0.01      ]]\n",
      "[[ 1.07361893e-02  3.84601262e-03  4.61750964e-03]\n",
      " [ 3.84601262e-03  3.72609996e-02 -1.36697938e-05]\n",
      " [ 4.61750964e-03 -1.36697938e-05  1.00000000e-02]]\n",
      "[[ 8.96590052e-03  1.50269068e-03  3.74636437e-03]\n",
      " [ 1.50269068e-03  2.32168164e-02 -1.71063042e-05]\n",
      " [ 3.74636437e-03 -1.71063042e-05  1.00000000e-02]]\n",
      "[[ 0.23820976 -0.00501027  0.00158144]\n",
      " [-0.00501027  0.03839353 -0.0076634 ]\n",
      " [ 0.00158144 -0.0076634   0.01      ]]\n",
      "[[ 0.32831106  0.02849702  0.00279126]\n",
      " [ 0.02849702  0.05418046 -0.0091821 ]\n",
      " [ 0.00279126 -0.0091821   0.01      ]]\n",
      "[[ 0.15584486  0.03045823  0.00344567]\n",
      " [ 0.03045823  0.03826871 -0.00594875]\n",
      " [ 0.00344567 -0.00594875  0.01      ]]\n",
      "[[ 0.0917052   0.0251117   0.00366478]\n",
      " [ 0.0251117   0.03271602 -0.00425824]\n",
      " [ 0.00366478 -0.00425824  0.01      ]]\n",
      "[[ 0.06144914  0.02422863  0.00410345]\n",
      " [ 0.02422863  0.03500901 -0.00320718]\n",
      " [ 0.00410345 -0.00320718  0.01      ]]\n",
      "[[ 0.03226094  0.01207175  0.00366972]\n",
      " [ 0.01207175  0.02519648 -0.00193058]\n",
      " [ 0.00366972 -0.00193058  0.01      ]]\n",
      "[[ 0.20308182  0.20995587  0.01546675]\n",
      " [ 0.20995587  0.39951795 -0.00967   ]\n",
      " [ 0.01546675 -0.00967     0.01      ]]\n",
      "[[ 0.1883282   0.19599854  0.01521542]\n",
      " [ 0.19599854  0.38718055 -0.00903973]\n",
      " [ 0.01521542 -0.00903973  0.01      ]]\n",
      "[[ 0.16553978  0.16934679  0.01346077]\n",
      " [ 0.16934679  0.322138   -0.00814566]\n",
      " [ 0.01346077 -0.00814566  0.01      ]]\n",
      "[[ 0.14787808  0.14850222  0.01160512]\n",
      " [ 0.14850222  0.27484048 -0.00695716]\n",
      " [ 0.01160512 -0.00695716  0.01      ]]\n",
      "[[ 0.14610779  0.14615889  0.01073398]\n",
      " [ 0.14615889  0.2607963  -0.0069606 ]\n",
      " [ 0.01073398 -0.0069606   0.01      ]]\n",
      "[[ 0.37535165  0.13964593  0.00856906]\n",
      " [ 0.13964593  0.27597302 -0.01460689]\n",
      " [ 0.00856906 -0.01460689  0.01      ]]\n",
      "[[ 0.46545295  0.17315322  0.00977888]\n",
      " [ 0.17315322  0.29175994 -0.0161256 ]\n",
      " [ 0.00977888 -0.0161256   0.01      ]]\n",
      "[[ 0.29298675  0.17511443  0.01043328]\n",
      " [ 0.17511443  0.27584819 -0.01289225]\n",
      " [ 0.01043328 -0.01289225  0.01      ]]\n",
      "[[ 0.22884709  0.16976791  0.0106524 ]\n",
      " [ 0.16976791  0.2702955  -0.01120174]\n",
      " [ 0.0106524  -0.01120174  0.01      ]]\n",
      "[[ 0.19859103  0.16888483  0.01109106]\n",
      " [ 0.16888483  0.27258849 -0.01015067]\n",
      " [ 0.01109106 -0.01015067  0.01      ]]\n",
      "[[ 0.16940283  0.15672795  0.01065734]\n",
      " [ 0.15672795  0.26277596 -0.00887407]\n",
      " [ 0.01065734 -0.00887407  0.01      ]]\n",
      "[[ 0.10905183  0.12526294  0.01348486]\n",
      " [ 0.12526294  0.29449577 -0.00677857]\n",
      " [ 0.01348486 -0.00677857  0.01      ]]\n",
      "[[ 0.08626341  0.09861119  0.01173021]\n",
      " [ 0.09861119  0.22945322 -0.0058845 ]\n",
      " [ 0.01173021 -0.0058845   0.01      ]]\n",
      "[[ 0.06860171  0.07776662  0.00987456]\n",
      " [ 0.07776662  0.1821557  -0.004696  ]\n",
      " [ 0.00987456 -0.004696    0.01      ]]\n",
      "[[ 0.06683142  0.0754233   0.00900342]\n",
      " [ 0.0754233   0.16811152 -0.00469944]\n",
      " [ 0.00900342 -0.00469944  0.01      ]]\n",
      "[[ 0.29607528  0.06891034  0.0068385 ]\n",
      " [ 0.06891034  0.18328824 -0.01234573]\n",
      " [ 0.0068385  -0.01234573  0.01      ]]\n",
      "[[ 0.38617659  0.10241763  0.00804832]\n",
      " [ 0.10241763  0.19907517 -0.01386444]\n",
      " [ 0.00804832 -0.01386444  0.01      ]]\n",
      "[[ 0.21371038  0.10437884  0.00870273]\n",
      " [ 0.10437884  0.18316342 -0.01063109]\n",
      " [ 0.00870273 -0.01063109  0.01      ]]\n",
      "[[ 0.14957073  0.09903231  0.00892184]\n",
      " [ 0.09903231  0.17761072 -0.00894058]\n",
      " [ 0.00892184 -0.00894058  0.01      ]]\n",
      "[[ 0.11931467  0.09814924  0.0093605 ]\n",
      " [ 0.09814924  0.17990371 -0.00788951]\n",
      " [ 0.0093605  -0.00788951  0.01      ]]\n",
      "[[ 0.09012646  0.08599236  0.00892678]\n",
      " [ 0.08599236  0.17009118 -0.00661291]\n",
      " [ 0.00892678 -0.00661291  0.01      ]]\n",
      "[[ 0.0715098   0.08465386  0.01147888]\n",
      " [ 0.08465386  0.21711582 -0.00525423]\n",
      " [ 0.01147888 -0.00525423  0.01      ]]\n",
      "[[ 0.0538481   0.06380929  0.00962323]\n",
      " [ 0.06380929  0.1698183  -0.00406574]\n",
      " [ 0.00962323 -0.00406574  0.01      ]]\n",
      "[[ 0.05207781  0.06146597  0.00875209]\n",
      " [ 0.06146597  0.15577412 -0.00406917]\n",
      " [ 0.00875209 -0.00406917  0.01      ]]\n",
      "[[ 0.28132167  0.054953    0.00658717]\n",
      " [ 0.054953    0.17095084 -0.01171546]\n",
      " [ 0.00658717 -0.01171546  0.01      ]]\n",
      "[[ 0.37142297  0.0884603   0.00779698]\n",
      " [ 0.0884603   0.18673776 -0.01323417]\n",
      " [ 0.00779698 -0.01323417  0.01      ]]\n",
      "[[ 0.19895676  0.0904215   0.00845139]\n",
      " [ 0.0904215   0.17082601 -0.01000082]\n",
      " [ 0.00845139 -0.01000082  0.01      ]]\n",
      "[[ 0.13481711  0.08507498  0.00867051]\n",
      " [ 0.08507498  0.16527332 -0.00831031]\n",
      " [ 0.00867051 -0.00831031  0.01      ]]\n",
      "[[ 0.10456105  0.08419191  0.00910917]\n",
      " [ 0.08419191  0.16756631 -0.00725925]\n",
      " [ 0.00910917 -0.00725925  0.01      ]]\n",
      "[[ 0.07537285  0.07203502  0.00867544]\n",
      " [ 0.07203502  0.15775378 -0.00598265]\n",
      " [ 0.00867544 -0.00598265  0.01      ]]\n",
      "[[ 0.03105968  0.03715754  0.00786858]\n",
      " [ 0.03715754  0.10477575 -0.00317167]\n",
      " [ 0.00786858 -0.00317167  0.01      ]]\n",
      "[[ 0.02928939  0.03481422  0.00699744]\n",
      " [ 0.03481422  0.09073157 -0.0031751 ]\n",
      " [ 0.00699744 -0.0031751   0.01      ]]\n",
      "[[ 0.25853325  0.02830126  0.00483252]\n",
      " [ 0.02830126  0.10590829 -0.01082139]\n",
      " [ 0.00483252 -0.01082139  0.01      ]]\n",
      "[[ 0.34863455  0.06180855  0.00604233]\n",
      " [ 0.06180855  0.12169521 -0.0123401 ]\n",
      " [ 0.00604233 -0.0123401   0.01      ]]\n",
      "[[ 0.17616835  0.06376976  0.00669674]\n",
      " [ 0.06376976  0.10578346 -0.00910675]\n",
      " [ 0.00669674 -0.00910675  0.01      ]]\n",
      "[[ 0.11202869  0.05842323  0.00691586]\n",
      " [ 0.05842323  0.10023077 -0.00741624]\n",
      " [ 0.00691586 -0.00741624  0.01      ]]\n",
      "[[ 0.08177263  0.05754016  0.00735452]\n",
      " [ 0.05754016  0.10252376 -0.00636518]\n",
      " [ 0.00735452 -0.00636518  0.01      ]]\n",
      "[[ 0.05258443  0.04538327  0.00692079]\n",
      " [ 0.04538327  0.09271123 -0.00508857]\n",
      " [ 0.00692079 -0.00508857  0.01      ]]\n",
      "[[ 0.01162769  0.01396964  0.00514179]\n",
      " [ 0.01396964  0.04343405 -0.00198661]\n",
      " [ 0.00514179 -0.00198661  0.01      ]]\n",
      "[[ 0.24087155  0.00745668  0.00297687]\n",
      " [ 0.00745668  0.05861077 -0.0096329 ]\n",
      " [ 0.00297687 -0.0096329   0.01      ]]\n",
      "[[ 0.33097285  0.04096398  0.00418669]\n",
      " [ 0.04096398  0.0743977  -0.0111516 ]\n",
      " [ 0.00418669 -0.0111516   0.01      ]]\n",
      "[[ 0.15850664  0.04292518  0.0048411 ]\n",
      " [ 0.04292518  0.05848595 -0.00791825]\n",
      " [ 0.0048411  -0.00791825  0.01      ]]\n",
      "[[ 0.09436699  0.03757866  0.00506021]\n",
      " [ 0.03757866  0.05293325 -0.00622775]\n",
      " [ 0.00506021 -0.00622775  0.01      ]]\n",
      "[[ 0.06411093  0.03669558  0.00549887]\n",
      " [ 0.03669558  0.05522624 -0.00517668]\n",
      " [ 0.00549887 -0.00517668  0.01      ]]\n",
      "[[ 0.03492272  0.0245387   0.00506515]\n",
      " [ 0.0245387   0.04541371 -0.00390008]\n",
      " [ 0.00506515 -0.00390008  0.01      ]]\n",
      "[[ 0.23910126  0.00511336  0.00210572]\n",
      " [ 0.00511336  0.04456659 -0.00963633]\n",
      " [ 0.00210572 -0.00963633  0.01      ]]\n",
      "[[ 0.32920256  0.03862065  0.00331554]\n",
      " [ 0.03862065  0.06035351 -0.01115504]\n",
      " [ 0.00331554 -0.01115504  0.01      ]]\n",
      "[[ 0.15673635  0.04058186  0.00396995]\n",
      " [ 0.04058186  0.04444176 -0.00792169]\n",
      " [ 0.00396995 -0.00792169  0.01      ]]\n",
      "[[ 0.0925967   0.03523533  0.00418906]\n",
      " [ 0.03523533  0.03888907 -0.00623118]\n",
      " [ 0.00418906 -0.00623118  0.01      ]]\n",
      "[[ 0.06234064  0.03435226  0.00462773]\n",
      " [ 0.03435226  0.04118206 -0.00518012]\n",
      " [ 0.00462773 -0.00518012  0.01      ]]\n",
      "[[ 0.03315244  0.02219538  0.004194  ]\n",
      " [ 0.02219538  0.03136953 -0.00390352]\n",
      " [ 0.004194   -0.00390352  0.01      ]]\n",
      "[[ 0.55844642  0.03210769  0.00115062]\n",
      " [ 0.03210769  0.07553023 -0.01880133]\n",
      " [ 0.00115062 -0.01880133  0.01      ]]\n",
      "[[ 0.38598022  0.0340689   0.00180503]\n",
      " [ 0.0340689   0.05961848 -0.01556798]\n",
      " [ 0.00180503 -0.01556798  0.01      ]]\n",
      "[[ 0.32184056  0.02872237  0.00202414]\n",
      " [ 0.02872237  0.05406579 -0.01387747]\n",
      " [ 0.00202414 -0.01387747  0.01      ]]\n",
      "[[ 0.2915845   0.0278393   0.00246281]\n",
      " [ 0.0278393   0.05635878 -0.01282641]\n",
      " [ 0.00246281 -0.01282641  0.01      ]]\n",
      "[[ 0.2623963   0.01568242  0.00202908]\n",
      " [ 0.01568242  0.04654625 -0.0115498 ]\n",
      " [ 0.00202908 -0.0115498   0.01      ]]\n",
      "[[ 0.47608152  0.06757619  0.00301485]\n",
      " [ 0.06757619  0.07540541 -0.01708669]\n",
      " [ 0.00301485 -0.01708669  0.01      ]]\n",
      "[[ 0.41194186  0.06222967  0.00323396]\n",
      " [ 0.06222967  0.06985272 -0.01539618]\n",
      " [ 0.00323396 -0.01539618  0.01      ]]\n",
      "[[ 0.3816858   0.06134659  0.00367263]\n",
      " [ 0.06134659  0.0721457  -0.01434511]\n",
      " [ 0.00367263 -0.01434511  0.01      ]]\n",
      "[[ 0.3524976   0.04918971  0.0032389 ]\n",
      " [ 0.04918971  0.06233317 -0.01306851]\n",
      " [ 0.0032389  -0.01306851  0.01      ]]\n",
      "[[ 0.23947566  0.06419087  0.00388837]\n",
      " [ 0.06419087  0.05394097 -0.01216283]\n",
      " [ 0.00388837 -0.01216283  0.01      ]]\n",
      "[[ 0.2092196   0.0633078   0.00432703]\n",
      " [ 0.0633078   0.05623395 -0.01111176]\n",
      " [ 0.00432703 -0.01111176  0.01      ]]\n",
      "[[ 0.18003139  0.05115092  0.00389331]\n",
      " [ 0.05115092  0.04642142 -0.00983516]\n",
      " [ 0.00389331 -0.00983516  0.01      ]]\n",
      "[[ 0.14507994  0.05796127  0.00454615]\n",
      " [ 0.05796127  0.05068126 -0.00942125]\n",
      " [ 0.00454615 -0.00942125  0.01      ]]\n",
      "[[ 0.11589174  0.04580439  0.00411242]\n",
      " [ 0.04580439  0.04086873 -0.00814465]\n",
      " [ 0.00411242 -0.00814465  0.01      ]]\n",
      "[[ 0.08563568  0.04492132  0.00455108]\n",
      " [ 0.04492132  0.04316172 -0.00709359]\n",
      " [ 0.00455108 -0.00709359  0.01      ]]\n",
      "[[ 0.05805537  0.02773175 -0.01627905]\n",
      " [ 0.02773175  0.42189053  0.00109834]\n",
      " [-0.01627905  0.00109834  0.01      ]]\n",
      "[[ 0.05468359  0.02302165 -0.01559736]\n",
      " [ 0.02302165  0.39270667  0.00082573]\n",
      " [-0.01559736  0.00082573  0.01      ]]\n",
      "[[ 0.0466368   0.02488281 -0.01380778]\n",
      " [ 0.02488281  0.32983958  0.00083917]\n",
      " [-0.01380778  0.00083917  0.01      ]]\n",
      "[[ 0.04215856  0.02606358 -0.01240273]\n",
      " [ 0.02606358  0.2945626   0.00082888]\n",
      " [-0.01240273  0.00082888  0.01      ]]\n",
      "[[ 0.03871478  0.03042721 -0.01069028]\n",
      " [ 0.03042721  0.26829388  0.00146464]\n",
      " [-0.01069028  0.00146464  0.01      ]]\n",
      "[[ 0.32829986  0.16188244 -0.01423302]\n",
      " [ 0.16188244  0.37867065  0.01062526]\n",
      " [-0.01423302  0.01062526  0.01      ]]\n",
      "[[ 0.24624085  0.14998306 -0.01468337]\n",
      " [ 0.14998306  0.38308745  0.00908317]\n",
      " [-0.01468337  0.00908317  0.01      ]]\n",
      "[[ 0.19895684  0.14358747 -0.01522051]\n",
      " [ 0.14358747  0.39644416  0.0080065 ]\n",
      " [-0.01522051  0.0080065   0.01      ]]\n",
      "[[ 0.0893779   0.07090833 -0.01310779]\n",
      " [ 0.07090833  0.31647845  0.0049806 ]\n",
      " [-0.01310779  0.0049806   0.01      ]]\n",
      "[[ 0.07936754  0.06243936 -0.01264898]\n",
      " [ 0.06243936  0.30451091  0.00460078]\n",
      " [-0.01264898  0.00460078  0.01      ]]\n",
      "[[ 0.05980853  0.04599794 -0.01154072]\n",
      " [ 0.04599794  0.28155024  0.00369558]\n",
      " [-0.01154072  0.00369558  0.01      ]]\n",
      "[[ 0.04660046  0.03335115 -0.01001712]\n",
      " [ 0.03335115  0.26410044  0.00284862]\n",
      " [-0.01001712  0.00284862  0.01      ]]\n",
      "[[ 0.23697061 -0.11101096 -0.00236603]\n",
      " [-0.11101096  0.42576843  0.00877581]\n",
      " [-0.00236603  0.00877581  0.01      ]]\n",
